bush	kerry	party	previous_vote_share	previous_opposition_vote_share	runningforreelection	unopposed	healthsolutionsnewmexicoact	richardsongovdem	dendahlgovrep	treatment	n	q1favor	q1favorse	q1oppose	q1opposese	q2full	q2fullse	q2reduced	q2reducsedse	q2none	q2nonese	sb24	pres_2party	self_2party	match_category	rep
8930	3134	"R"	5760	2539	1	1	"N"	4173	4104	0	171	0.4912281	0.0383423	0.5087719	0.0383423	0.3508772	0.036603	0.5087719	0.0383423	0.1403509	0.0266406	0	0.7402188	0.69405955	27	1
6994	2514	"R"	3905	2340	1	0	"N"	3326	2952	0	179	0.5027933	0.037476	0.4972067	0.037476	0.3407821	0.0355257	0.5418994	0.0373448	0.1173184	0.0241199	1	0.73559105	0.6253002	32	1
8153	2461	"R"	5591		1	1	"N"	3486	3558	1	181	0.5911602	0.0366432	0.4088398	0.0366432	0.4696133	0.0371989	0.4751381	0.0372217	0.0552486	0.0170288	0	0.76813644		33	1
4528	4792	"D"	5835		1	1	"N"	5563	1571	1	109	0.4954128	0.0481105	0.5045872	0.0481105	0.412844	0.0473759	0.4678899	0.0480132	0.1192661	0.0311867	1	0.48583692		20	0
3084	5173	"D"	5673		0		"Y"	5990	1069	1	85	0.5764706	0.0539127	0.4235294	0.0539127	0.2941176	0.049715	0.5529412	0.0542478	0.1529412	0.0392717	1	0.37350127		3	0
2992	4654	"D"	4629	1802	0		"Excused"	5356	1183	0	141	0.4468085	0.0420179	0.5531915	0.0420179	0.3617021	0.0406091	0.5248227	0.0422056	0.1134752	0.026806		0.39131573	0.71979475	1	0
5868	4462	"D"	4313	3728	1	0	"Y"	5275	2759	1	131	0.4503817	0.0436364	0.5496183	0.0436364	0.4045802	0.0430469	0.4732824	0.0437902	0.1221374	0.0287188	1	0.5680542	0.53637606	6	0
5628	4639	"D"	4170	3688	1	0	"Y"	5409	2458	1	140	0.5785714	0.0418825	0.4214286	0.0418825	0.45	0.0421969	0.5	0.0424094	0.05	0.0184858	1	0.548164	0.5306694	9	0
2609	4241	"D"	5007		1	1	"Y"	4956	872	0	88	0.6363636	0.0515735	0.3636364	0.0515735	0.5340909	0.0534809	0.3863636	0.0522028	0.0795455	0.0290101	1	0.38087592		13	0
3202	4147	"D"	4345		1	1	"Y"	3738	1504	1	157	0.4713376	0.0399662	0.5286624	0.0399662	0.5095541	0.0400247	0.3375796	0.037861	0.1528662	0.0288117	1	0.43570554		18	0
2912	7855	"D"	7127		1	1	"Y"	7052	1332	0	188	0.5106383	0.0365553	0.4893617	0.0365553	0.4893617	0.0365553	0.4255319	0.0361558	0.0851064	0.0204054	1	0.27045602		17	0
3154	4389	"D"	4608		1	1	"Y"	4401	1659	1	141	0.6666667	0.039841	0.3333333	0.039841	0.5177305	0.0422311	0.4609929	0.0421289	0.0212766	0.012196	1	0.41813603		11	0
3868	5568	"D"	5548		0		"Y"	5366	1325	1	162	0.5740741	0.0389707	0.4259259	0.0389707	0.5123457	0.0393935	0.3518519	0.0376361	0.1358025	0.026999	1	0.40991947		2	0
2449	5492	"D"	4631	1376	1	0	"Excused"	5600	1173	0	168	0.5119048	0.0386802	0.4880952	0.0386802	0.5	0.0386912	0.3809524	0.0375785	0.1190476	0.0250598	1	0.30839944	0.7709339	7	0
7058	6449	"R"	5711	4934	1	0	"N"	7714	4098	0	165	0.6787879	0.036462	0.3212121	0.036462	0.4424242	0.0387837	0.3636364	0.0375634	0.1939394	0.0308741	1	0.52254385	0.536496	25	1
5005	6303	"D"	5703	2612	1	1	"Y"	5164	1647	0	124	0.4758065	0.0450307	0.5241935	0.0450307	0.4274194	0.044606	0.516129	0.04506	0.0564516	0.0208098	1	0.44260702	0.6858689	18	0
5145	7785	"D"	7965		1	0	"Y"	7769	2488	1	216	0.537037	0.034006	0.462963	0.034006	0.4722222	0.0340471	0.4027778	0.0334489	0.125	0.0225548	1	0.39791185		7	0
2814	9679	"D"	7049	1468	1	1	"Y"	7579	1295	1	211	0.5781991	0.0340787	0.4218009	0.0340787	0.492891	0.0344998	0.3791469	0.0334802	0.1279621	0.0230515	1	0.22524613	0.82763886	14	0
3206	6220	"D"	4676	1478	1	1	"Y"	5331	1554	1	217	0.5023041	0.0340203	0.4976959	0.0340203	0.4331797	0.0337155	0.4976959	0.0340203	0.0691244	0.0172598	1	0.34012306	0.759831	17	0
7988	5984	"R"	7740		1	1	"N"	6609	4567	0	252	0.515873	0.0315438	0.484127	0.0315438	0.4166667	0.0311183	0.4087302	0.0310295	0.1746032	0.0239619	0	0.5717149		29	1
2698	3010	"D"	4628		1	0	"Y"	4275	1962	0	200	0.555	0.035229	0.445	0.035229	0.425	0.035043	0.47	0.0353802	0.105	0.021731	1	0.47266993		8	0
10473	8401	"R"	7564	5422	1	0	"N"	7805	5353	1	210	0.4857143	0.0345716	0.5142857	0.0345716	0.2571429	0.030232	0.5666667	0.0342769	0.1761905	0.0263531	0	0.55489033	0.58247346	22	1
7821	6842	"R"	5897	5302	1	0	"N"	6987	3475	1	154	0.538961	0.0402997	0.461039	0.0402997	0.4350649	0.0400803	0.474026	0.040368	0.0909091	0.0232414	1	0.53338337	0.5265649	32	1
7336	5842	"R"	5735	4750	1	1	"N"	6642	4170	0	207	0.5652174	0.034539	0.4347826	0.034539	0.4492754	0.0346569	0.4057971	0.0342128	0.1449275	0.0245269	0	0.5566854	0.54697186	31	1
4748	7496	"D"	7417		1	1	"Y"	7026	2400	1	181	0.5524862	0.0370619	0.4475138	0.0370619	0.3093923	0.0344536	0.5524862	0.0370619	0.1381215	0.0257168	1	0.38778177		16	0
2961	4064	"D"	3896		1	0	"Y"	3677	1380	1	198	0.4848485	0.0356072	0.5151515	0.0356072	0.4545455	0.035476	0.3888889	0.0347328	0.1565657	0.0258905	1	0.42149466		5	0
10199	6005	"R"	9768		1	1	"N"	7240	5885	1	152	0.4868421	0.0406753	0.5131579	0.0406753	0.3026316	0.0373852	0.5657895	0.0403357	0.1315789	0.0275087	1	0.6294125		26	1
7749	5923	"R"	5916	4575	1	0	"N"	6412	4362	1	208	0.5384615	0.0346494	0.4615385	0.0346494	0.4711538	0.0346945	0.4182692	0.034285	0.1105769	0.0217972	0	0.56677884	0.5639119	24	1
10172	7140	"R"	6929	6199	1	1	"N"	8639	4150	1	157	0.6242038	0.0387773	0.3757962	0.0387773	0.4076433	0.0393432	0.4267516	0.0396001	0.1656051	0.0297619	0	0.5875693	0.5278032	35	1
7257	6328	"R"	5552	4277	1	0	"N"	6137	3937	0	144	0.4722222	0.0417475	0.5277778	0.0417475	0.3402778	0.0396214	0.4444444	0.0415532	0.2152778	0.0343708	1	0.53419214	0.5648591	23	1
9493	6787	"R"	7443	5225	1	1	"N"	7619	5435	1	170	0.4764706	0.0384189	0.5235294	0.0384189	0.3529412	0.0367604	0.5352941	0.0383656	0.1117647	0.0242367	0	0.5831081	0.5875434	27	1
4161	3337	"D"	3733	2332	1	0	"N"	4284	2929	0	156	0.474359	0.0401081	0.525641	0.0401081	0.3141026	0.037282	0.5320513	0.0400784	0.1538462	0.0289803	1	0.554948	0.6154988	6	0
4618	5376	"D"	4673		1	1	"Y"	1174	421	0	144	0.6527778	0.0398124	0.3472222	0.0398124	0.375	0.0404844	0.5972222	0.0410141	0.0277778	0.0137424	1	0.46207726		12	0
2156	3505	"D"	2511		1	1	"Y"	655	194	0	106	0.5471698	0.0485774	0.4528302	0.0485774	0.4056604	0.0479186	0.5	0.048795	0.0943396	0.0285256	1	0.38085145		15	0
4203	5432	"D"	3162	1529	1	0	"Y"	523	190	1	132	0.6590909	0.0414149	0.3409091	0.0414149	0.4469697	0.0434388	0.5	0.0436852	0.0530303	0.0195792	1	0.4362221	0.6740567	10	0
4732	4527	"D"	3486	2744	1	0	"N"	1747	884	1	126	0.5793651	0.0441544	0.4206349	0.0441544	0.4444444	0.0444444	0.3253968	0.041906	0.2301587	0.0376495	1	0.5110703	0.5595506	8	0
7279	6115	"D"	4848	4539	1	0	"Y"	3709	1985	1	138	0.557971	0.0424298	0.442029	0.0424298	0.5434783	0.0425561	0.3913043	0.0416963	0.0652174	0.0210949	1	0.54345226	0.5164589	34	0
6255	4444	"R"	6439		1	1	"N"	5458	3269	1	145	0.5103448	0.0416577	0.4896552	0.0416577	0.3517241	0.0397924	0.5793103	0.0411391	0.0689655	0.0211163	0	0.58463407		29	1
4117	5425	"D"	5831		1	1	"Y"	5526	1798	0	151	0.4834437	0.0408024	0.5165563	0.0408024	0.3774834	0.0395803	0.5827815	0.0402614	0.0397351	0.0159491	1	0.43146092		19	0
2925	6398	"D"	5909		1	1	"Y"	5338	1072	0	147	0.4489796	0.0411643	0.5510204	0.0411643	0.4081633	0.0406763	0.5238095	0.0413334	0.0680272	0.0208385	1	0.31374022		21	0
3569	5932	"D"	5362		1	1	"Y"	5479	1461	0	140	0.5785714	0.0418825	0.4214286	0.0418825	0.5357143	0.0423011	0.35	0.040456	0.1142857	0.0269858	1	0.37564468		14	0
3130	9346	"D"	8205		1	1	"Y"	8313	1308	0	110	0.4545455	0.047693	0.5454545	0.047693	0.3454545	0.0455462	0.5454545	0.047693	0.1090909	0.0298605	1	0.2508817		20	0
7007	6930	"R"	7921		1	1	"N"	6802	3181	1	161	0.5652174	0.0391908	0.4347826	0.0391908	0.3540373	0.0378067	0.4161491	0.0389687	0.2298137	0.0332603	1	0.50276244		31	1
9529	6545	"R"	7516	5211	1	0	"N"	8065	4441	0	157	0.5350318	0.0399337	0.4649682	0.0399337	0.477707	0.0399922	0.4394904	0.0397378	0.0828025	0.0220643	0	0.5928207	0.5905555	24	1
2904	6766	"D"	5625		1	1	"Y"	2834	757	1	163	0.5889571	0.038657	0.4110429	0.038657	0.4785276	0.0392475	0.4478528	0.0390695	0.0736196	0.020518	1	0.30031022		13	0
3544	9357	"D"	8008		1	1	"Y"	1585	503	0	147	0.6054422	0.0404497	0.3945578	0.0404497	0.5918367	0.0406763	0.2789116	0.0371151	0.1292517	0.0277644	1	0.27470738		11	0
4491	13481	"D"	11679		0		"Y"	3251	784	0	147	0.5442177	0.0412182	0.4557823	0.0412182	0.4285714	0.0409559	0.4829932	0.0413564	0.0884354	0.023498	1	0.24988872		2	0
2939	11648	"D"	8459		1	1	"Y"	393	85	1	150	0.5466667	0.0407828	0.4533333	0.0407828	0.4466667	0.0407279	0.4866667	0.040947	0.0666667	0.0204352	1	0.20148078		15	0
6545	5638	"R"	7651		1	1	"N"	6691	3233	0	146	0.5273973	0.0414604	0.4726027	0.0414604	0.4246575	0.0410486	0.4109589	0.040859	0.1643836	0.0307786	1	0.537224		30	1
5603	5550	"D"	7032		1	1	"Y"	4248	2091	1	194	0.6443299	0.0344587	0.3556701	0.0344587	0.4072165	0.0353657	0.5	0.0359908	0.0927835	0.0208839	1	0.502376		12	0
4675	2339	"R"	3134		1	0	"N"	2732	1680	0	126	0.4444444	0.0444444	0.5555556	0.0444444	0.3571429	0.0428571	0.452381	0.0445181	0.1904762	0.0351221		0.6665241		22	1
3576	4265	"D"	3836		1	1	"Y"	2720	1294	1	124	0.3951613	0.0440813	0.6048387	0.0440813	0.3467742	0.0429143	0.4677419	0.0449896	0.1854839	0.035047	0	0.45606428		21	0
4536	3100	"D"	2672	2473	1	0	"Y"	1897	1194	0	136	0.5441176	0.0428653	0.4558824	0.0428653	0.4558824	0.0428653	0.5	0.0430331	0.0441176	0.0176743	1	0.5940283	0.51933914	9	0
4600	2725	"R"	2838	2343	1	1	"N"	6266	3837	0	142	0.6126761	0.0410245	0.3873239	0.0410245	0.4507042	0.0419024	0.5422535	0.041957	0.0070423	0.0070423	0	0.6279864	0.5477707	35	1
6897	3844	"D"	5919		1	0	"Y"	4832	2766	1	121	0.4876033	0.0456295	0.5123967	0.0456295	0.214876	0.0374949	0.4876033	0.0456295	0.2975207	0.0417335	1	0.642119		4	0
6729	3095	"R"	4500	2455	1	1	"N"	8982	5696	0	128	0.4765625	0.0443191	0.5234375	0.0443191	0.5078125	0.0443624	0.375	0.042959	0.1171875	0.0285413	1	0.68495524	0.6470165	28	1
8881	3456	"R"	6147	1561	0		"N"	5141	4268	1	139	0.5755396	0.0420743	0.4244604	0.0420743	0.3381295	0.0402706	0.5827338	0.0419761	0.0791367	0.0229798	0	0.71986705	0.79748315	1	1
3947	2679	"R"	2619	2225	1	0	"N"	3184	1644	0	110	0.5727273	0.047382	0.4272727	0.047382	0.2909091	0.0435027	0.5272727	0.04782	0.1818182	0.0369428	1	0.5956837	0.54066885	33	1
6930	2981	"R"	4271	2926	1	0	"N"	4065	3202	1	140	0.6285714	0.0409834	0.3714286	0.0409834	0.4142857	0.0417816	0.4	0.0415526	0.1857143	0.032984	1	0.6992231	0.5934417	25	1
7132	4951	"D"	5462	4129	0		"Y"	5855	3686	0	150	0.5866667	0.0403416	0.4133333	0.0403416	0.3933333	0.0400186	0.42	0.0404339	0.1866667	0.0319209	1	0.5902508	0.5694922	3	0
4708	1691	"R"	2091	2036	1	1	"N"	2546	1573	1	137	0.4744526	0.0428186	0.5255474	0.0428186	0.3284672	0.0402726	0.5109489	0.0428644	0.1605839	0.0314826	0	0.73573995	0.50666344	28	1
8630	1638	"R"	5571		1	1	"N"	3380	3365	1	123	0.6178862	0.0439917	0.3821138	0.0439917	0.3333333	0.042679	0.5447154	0.0450865	0.1219512	0.029626	0	0.84047526		30	1
4019	2813	"D"	3655		1	0	"Y"	3404	1293	0	120	0.4083333	0.0450581	0.5916667	0.0450581	0.3083333	0.0423336	0.4666667	0.045733	0.225	0.0382797	1	0.5882611		4	0
7273	2058	"R"	4753		1	0	"N"	3760	2293	1	151	0.4635762	0.0407164	0.5364238	0.0407164	0.4635762	0.0407164	0.4304636	0.0404281	0.1059603	0.0251307	0	0.7794449		23	1
1788	5078	"D"	5427		1	1	"Y"	5481	761	1	169	0.4792899	0.0385427	0.5207101	0.0385427	0.4142012	0.0380036	0.5088757	0.0385698	0.0769231	0.0205586	1	0.26041365		19	0
7896	2902	"R"	4996		1	1	"N"	4047	4149	0	130	0.4	0.0431331	0.6	0.0431331	0.3461538	0.0418868	0.4	0.0431331	0.2538462	0.0383182	1	0.73124653		26	1
7501	2947	"R"	5792		0		"N"	4840	2907	0	126	0.515873	0.0446988	0.484127	0.0446988	0.2539683	0.0389326	0.6507937	0.0426391	0.0952381	0.0262553	1	0.71793646		34	1
4865	6157	"D"			1	0	"Y"	6470	2705	0	131	0.4885496	0.0438414	0.5114504	0.0438414	0.4503817	0.0436364	0.4961832	0.0438516	0.0534351	0.019725	1	0.44138995		5	0
2899	4556	"D"	5623		1	1	"Y"	5166	1100	0	145	0.5448276	0.0414989	0.4551724	0.0414989	0.462069	0.0415466	0.4	0.0408248	0.137931	0.0287356	1	0.38886654		16	0
2836	7292	"D"	5668		1	0	"Y"	5693	1615	0	175	0.6457143	0.0362595	0.3542857	0.0362595	0.4057143	0.0372249	0.5085714	0.0378993	0.0857143	0.0212223		0.2800158		10	0
